// ===== auto generated whitening transform =====

static const double kWhitenMu[9] = {
    -0.0084689832658573407,
    -0.013218043666521975,
    0.04197484597297467,
    -0.0095900958886217611,
    -0.0080500556219777648,
    0.0084304750623102609,
    0.011879087681416253,
    0.014883935913255136,
    -0.0020431403995212691,
};

static const double kWhitenR[9][9] = {
    { 21.152290695743879, 1.6780624842678067, 5.4159916569023396, -6.8429111124620903, 2.6051954038693377, 0.010541327959420012, -0.024885948002281937, -0.0068374537102261993, -0.028579555929359797 },
    { 1.6780624842678065, 18.391540330625055, -1.2536947647870647, 7.4162473494076755, -3.8098302607581696, -0.04809785281753233, -0.0087088767418576855, -0.010381046737067946, 0.014234125786835805 },
    { 5.4159916569023387, -1.2536947647870644, 18.082662271547111, 1.9526310729343261, 9.833777629732543, -0.0065803528840592037, -0.035006358506685077, 0.01294935406354052, -0.010903836058414157 },
    { -6.8429111124620903, 7.4162473494076755, 1.9526310729343261, 21.914862838936596, 4.2236247845902612, -0.009946018571171486, 0.014179788868569942, -0.038827625036344328, 0.0026466467718049011 },
    { 2.6051954038693377, -3.8098302607581687, 9.8337776297325448, 4.2236247845902612, 21.281949657267891, 0.013741725660668606, -0.013316986464677088, 0.010824689991378396, -0.0336265593187016 },
    { 0.010541327959420053, -0.048097852817532274, -0.0065803528840591109, -0.0099460185711714669, 0.013741725660668669, 21.119591232904732, 0.66457813048100156, 10.428311523862536, -2.1488505134414191 },
    { -0.024885948002281975, -0.008708876741857741, -0.035006358506685174, 0.014179788868569968, -0.013316986464677145, 0.66457813048100178, 21.255586362255638, -0.55116939349142735, 10.179650688792975 },
    { -0.0068374537102261343, -0.010381046737067964, 0.012949354063540532, -0.038827625036344321, 0.010824689991378386, 10.428311523862536, -0.55116939349142879, 21.007812703817837, 0.68296537619919606 },
    { -0.02857955592935979, 0.014234125786835783, -0.010903836058414189, 0.0026466467718048929, -0.033626559318701586, -2.1488505134414186, 10.179650688792973, 0.68296537619919684, 21.375031578939087 },
};

static const double kWhitenRInv[9][9] = {
    { 0.065193905876703317, -0.021732094533711069, -0.019472492767888257, 0.031193265833664763, -0.009063869595264392, -0.00013463565089531979, -1.2339719534353188e-05, 0.00014932743930741961, 6.1155359890858481e-05 },
    { -0.021732094533711065, 0.076106917235655713, 0.00391609269805569, -0.03709924481917657, 0.02183785830415785, 0.00022811514099811169, 5.751246938706247e-05, -0.00016218990818074681, -3.8067283947451604e-05 },
    { -0.019472492767888257, 0.0039160926980556909, 0.079774862608503763, -0.0083222487565728122, -0.032125364443338356, 9.279960846149594e-05, 0.0001326370402085691, -9.2118338636736844e-05, -8.8351559045463752e-05 },
    { 0.031193265833664763, -0.03709924481917657, -0.0083222487565728104, 0.072724331326443972, -0.021047303853080682, -0.00015868536766483032, -5.449622658128563e-05, 0.00021879950083881559, 2.3060806716696844e-05 },
    { -0.009063869595264392, 0.021837858304157857, -0.032125364443338356, -0.021047303853080682, 0.071028468148350496, 3.372371834835411e-05, -4.6249087964493969e-05, -6.9025726936030316e-05, 9.8918349778564406e-05 },
    { -0.00013463565089531969, 0.00022811514099811179, 9.279960846149594e-05, -0.00015868536766483037, 3.3723718348354205e-05, 0.065033369216346337, -0.0084463644273483161, -0.032882035952257485, 0.011610780103483364 },
    { -1.2339719534353176e-05, 5.7512469387062436e-05, 0.00013263704020856915, -5.4496226581285562e-05, -4.6249087964494003e-05, -0.0084463644273483161, 0.062180903556799748, 0.0068214722258604487, -0.030680180059505055 },
    { 0.00014932743930741964, -0.00016218990818074675, -9.2118338636736709e-05, 0.00021879950083881542, -6.9025726936030303e-05, -0.032882035952257478, 0.0068214722258604504, 0.064383424550512006, -0.0086113445799333426 },
    { 6.1155359890858508e-05, -3.8067283947451584e-05, -8.8351559045463779e-05, 2.3060806716696872e-05, 9.8918349778564515e-05, 0.011610780103483364, -0.030680180059505055, -0.0086113445799333409, 0.062837296104977597 },
};

